Los Angeles Kings
,2,4,5,7,9,11,13,13,15,17,19,19,21,22,24,24,24,24,24,26,26,26,27,29,31,33,35,37,39,41,43,43,43,44,46,48,48,49,51,53,53,53,53,53,53,53,55,55,57,59,59,61,63,65,65
Winnipeg Jets
,0,0,2,4,6,6,8,9,10,12,14,16,17,19,19,21,23,25,27,27,29,31,31,33,34,36,38,38,38,39,41,41,41,43,45,46,46,48,50,52,53,55,57,59,59,59,61,63,65,66,68,69,71,73,73,73
Chicago Blackhawks
,2,4,5,7,7,9,9,10,12,12,12,12,14,16,16,16,18,18,20,22,23,25,27,27,28,29,29,29,31,33,35,37,39,39,39,39,41,42,44,44,46,48,48,50,50,50,50,51,53,55,55,56,56,56,56,56
Ottawa Senators
,1,2,4,6,8,8,9,11,12,14,15,15,17,17,19,21,21,22,22,22,22,22,22,24,24,24,25,25,25,27,29,29,30,30,30,32,32,33,35,37,37,39,39,39,39,39,39,39,41,43,43,45,47,47
Dallas Stars
,0,0,2,2,4,6,8,10,10,10,12,14,14,16,16,18,18,19,19,21,23,23,25,27,29,31,33,33,33,33,35,37,37,38,39,41,43,43,45,47,47,49,51,51,53,55,56,58,60,60,60,62,64,66,68,70,70
Boston Bruins
,2,2,2,4,4,6,7,9,10,11,13,13,15,15,16,16,16,18,20,22,24,24,26,28,28,30,32,34,34,35,37,39,41,43,45,46,48,50,52,53,55,56,58,60,62,64,66,66,68,70,72,74,74,76
Toronto Maple Leafs
,2,4,6,6,8,10,12,12,14,14,14,14,16,16,16,18,20,22,24,26,28,28,29,31,31,33,35,35,37,39,41,41,41,41,43,43,45,47,48,48,48,50,52,53,53,54,55,57,57,59,61,63,65,65,67,69,71,73
Carolina Hurricanes
,2,3,3,5,7,7,7,9,9,10,10,11,13,15,16,18,18,20,22,22,22,24,25,25,27,27,28,29,29,31,33,35,35,37,39,41,43,43,44,46,46,46,48,48,48,50,50,50,52,54,56,56,56,57,59,61
Detroit Red Wings
,2,4,4,6,8,8,8,9,9,9,9,11,13,13,15,17,17,18,20,22,23,23,24,25,25,25,25,27,27,28,29,31,33,33,33,33,35,37,39,41,41,41,43,43,43,45,46,46,48,50,50,50,51,53
Philadelphia Flyers
,2,2,4,4,6,8,8,10,10,10,12,13,13,15,16,18,18,18,19,20,20,21,22,23,23,23,25,27,29,31,33,35,35,37,37,38,38,40,40,42,44,46,48,48,50,52,54,56,56,56,56,57,59,61,63,65
Pittsburgh Penguins
,1,1,3,5,5,7,9,11,11,13,15,15,15,17,18,18,20,20,21,23,25,25,25,25,27,29,31,33,33,35,35,35,35,37,37,39,39,41,41,41,43,43,45,47,49,51,51,53,53,55,57,59,61,61,63,64,66
Tampa Bay Lightning
,2,2,4,6,8,10,11,13,15,17,19,19,21,22,24,26,28,30,32,32,34,34,34,36,36,38,40,42,44,46,48,50,50,52,54,56,56,58,60,61,61,63,65,65,65,65,67,69,71,71,73,75,75,77,79,79
Montréal Canadiens
,2,2,2,2,3,3,3,3,5,5,7,9,9,11,13,15,15,17,18,18,18,18,19,21,23,25,27,29,29,30,30,32,32,34,36,36,36,36,36,36,38,40,41,42,42,44,44,46,46,46,46,48,50,50,51
Vegas Golden Knights
,2,4,6,6,8,10,12,14,16,16,16,16,18,19,19,21,21,23,25,27,29,31,31,31,31,33,35,37,39,40,42,44,46,48,50,52,54,56,56,58,60,61,61,63,64,66,68,68,70,72,72,74,74,76,76
Florida Panthers
,0,2,4,4,4,4,6,6,8,9,9,9,10,10,12,12,14,16,16,16,18,18,20,22,22,23,24,26,26,28,29,29,29,31,33,35,37,39,39,39,40,42,42,44,44,44,44,46,48,50,52,52,54
Edmonton Oilers
,2,2,2,2,2,4,4,5,7,7,7,9,9,11,13,13,14,16,16,16,16,18,18,20,22,22,24,24,26,26,28,28,30,32,34,36,36,37,37,37,39,39,39,39,41,43,45,45,47,48,50,50,50,50,50
Anaheim Ducks
,2,3,3,5,5,5,7,9,9,11,13,13,13,14,15,17,17,19,21,23,23,23,24,24,26,26,27,28,30,31,33,35,36,36,36,38,40,40,42,44,46,47,47,49,49,51,53,53,55,57,59,60,60,60,62,64,65
New York Islanders
,0,2,3,3,5,5,7,9,11,11,13,15,15,17,18,18,20,22,24,24,26,28,30,32,32,34,34,35,35,37,37,37,39,39,40,42,44,44,44,44,44,44,46,48,50,50,50,52,53,55,55,55,57,58,58,60,60
St. Louis Blues
,2,4,6,8,8,8,10,12,13,15,17,19,21,21,23,25,27,27,27,29,31,33,33,35,35,35,36,38,40,42,44,44,44,46,46,46,46,48,48,48,50,52,54,54,55,55,57,59,59,61,63,65,65,67,67,69,71,71
Nashville Predators
,0,0,2,4,5,7,9,9,10,12,12,12,14,16,18,20,22,22,24,26,28,30,31,33,33,35,37,39,40,42,44,46,46,46,47,49,49,51,51,52,54,56,58,60,62,63,65,65,67,69,71,72,73,75
Washington Capitals
,2,4,5,5,7,7,7,9,9,9,11,11,13,15,17,17,19,21,21,21,23,23,25,27,29,29,31,33,35,37,37,39,41,43,45,46,46,47,49,51,53,55,57,57,59,60,60,61,63,65,65,65,67,69,70
New Jersey Devils
,2,4,6,6,8,10,12,12,14,16,18,18,19,19,20,22,24,25,25,27,28,30,32,32,34,34,36,36,36,38,39,41,43,45,47,49,50,50,51,51,52,52,54,56,56,56,56,56,58,60,62,62,62,62,62
Arizona Coyotes
,0,1,1,1,1,1,1,1,1,1,1,3,3,3,5,6,6,7,7,7,9,11,13,13,15,15,16,16,18,19,19,19,19,19,19,19,21,21,23,23,23,25,26,26,27,28,29,31,33,33,33,33,33,35,36,38
Vancouver Canucks
,2,3,3,3,5,5,7,9,11,13,14,14,16,16,18,18,18,20,20,21,23,25,25,26,26,28,30,32,32,32,32,32,34,34,34,35,35,37,37,37,38,38,38,40,42,42,42,44,44,46,48,48,48,48,48,50
San Jose Sharks
,0,0,2,2,4,6,6,8,8,10,12,14,16,16,18,20,20,20,21,23,24,26,28,30,30,30,32,34,35,37,38,38,40,42,44,44,46,47,48,48,50,52,54,54,56,58,59,59,59,60,62,64,64,64,66,68
Columbus Blue Jackets
,2,2,4,6,8,10,10,10,12,14,14,16,18,19,19,19,19,21,23,25,27,29,31,31,33,35,35,35,37,39,39,41,41,41,43,44,46,47,47,47,49,49,51,53,53,53,55,55,57,58,58,58,58,58,60
Minnesota Wild
,0,1,3,4,4,6,6,8,10,10,12,12,12,12,14,16,18,20,20,21,23,25,25,25,27,29,29,31,33,35,37,37,37,39,39,39,41,43,43,45,47,47,48,50,52,53,55,57,57,59,61,61,63,64,66
New York Rangers
,0,0,2,2,2,2,3,4,6,6,8,8,10,12,14,16,18,20,20,20,22,24,26,28,28,30,32,32,34,35,35,37,39,41,42,42,44,45,47,47,49,49,49,49,51,53,53,53,53,55,55,55,55,55,57,59
Buffalo Sabres
,1,1,1,1,1,3,4,4,6,8,8,8,10,10,12,12,13,14,14,14,14,14,16,16,16,16,16,18,19,20,22,22,23,23,25,25,26,28,29,29,29,29,29,31,31,31,33,35,37,37,37,37,38,40,42,42
Colorado Avalanche
,2,2,4,6,8,8,8,8,10,10,12,14,16,16,17,17,19,19,21,23,24,24,26,26,26,26,26,28,30,30,32,32,34,35,37,37,39,41,43,45,47,49,51,53,55,57,57,57,58,60,60,62,62,62,64
Calgary Flames
,0,2,4,6,6,8,8,8,10,10,10,12,14,16,16,18,20,20,22,24,25,25,27,27,29,29,29,30,32,34,35,35,35,37,39,39,40,40,42,44,46,48,50,52,54,55,56,57,58,58,58,60,62,64,64,66
